1 1 1 0 0 0 0 0 1 1 1 1 1 0 1 1 0 1 1 0 1 0 1 0 0 0 
0 1 0 0 0 1 1 1 0 0 0 1 0 0 0 1 0 1 0 0 1 0 0 1 560 4470 
0 0 1 0 1 0 0 1 1 1 1 1 0 1 1 0 1 0 0 0 1 1 1 1 0 0 
1 0 1 1 0 1 1 1 0 1 0 0 1 1 1 0 0 1 0 0 0 1 0 0 0 0 
0 1 1 1 0 1 0 0 1 1 1 0 0 1 0 1 1 0 0 0 0 0 0 0 0 0 
1 0 0 1 0 1 0 1 1 0 1 1 1 0 0 0 0 1 1 0 0 0 0 1 790 4850 
1 1 0 1 1 1 0 0 1 1 1 0 1 1 0 1 1 0 0 0 1 0 1 1 0 0 
1 0 0 0 1 1 1 0 0 0 0 1 0 0 0 0 1 1 0 1 1 1 0 0 572 2680 
1 0 0 1 0 0 1 1 1 0 1 0 0 1 1 0 1 1 1 0 1 1 1 0 796 4760 
0 1 0 1 1 1 0 1 1 0 1 0 0 1 0 0 1 1 0 1 0 0 1 0 618 4400 
